706.52
704.51
702.49
700.44
698.36
696.27
694.14
692.00
689.85
687.71
685.58
683.44
681.29
679.15
677.02
674.88
672.77
670.70
668.64
666.63
664.61
662.64
660.70
658.76
656.91
655.09
653.31
651.62
649.92
648.32
646.75
645.21
643.79
642.38
641.10
639.87
638.65
637.60
636.54
635.58
634.72
633.86
633.22
632.58
632.01
631.58
631.14
630.88
630.65
630.49
630.51
630.53
630.70
630.94
631.20
631.65
632.10
632.68
633.37
634.07
634.97
635.87
636.85
637.96
639.06
640.34
641.66
643.04
644.55
646.05
647.68
649.36
651.06
652.90
654.76
656.70
658.70
660.70
662.82
664.94
667.11
669.34
671.59
673.92
676.25
678.61
681.01
683.41
685.84
688.28
690.75
693.24
695.73
698.22
700.71
703.20
705.66
708.13
710.59
713.03
715.48
717.86
720.24
722.59
724.88
727.18
729.40
731.61
733.79
735.87
737.96
739.94
741.89
743.82
745.61
747.41
749.11
750.74
752.37
753.82
755.26
756.62
757.87
759.13
760.21
761.26
762.26
763.09
763.93
764.61
765.23
765.83
766.24
766.64
766.92
767.10
767.28
767.23
767.20
767.07
766.81
766.56
766.12
765.65
765.12
764.44
763.77
762.95
762.08
761.18
760.12
759.07
757.91
756.68
755.45
754.06
752.67
751.22
749.69
748.17
746.52
744.87
743.18
741.42
739.66
737.83
735.99
734.13
732.21
730.30
728.35
726.39
724.43
722.44
720.46
718.47
716.48
714.50
712.52
710.55
708.59
706.66
704.73
702.84
700.96
699.11
697.32
695.52
693.79
692.09
690.41
688.82
687.24
685.73
684.28
682.83
681.52
680.22
678.98
677.84
676.70
675.71
674.74
673.83
673.03
672.24
671.60
671.00
670.44
670.04
669.65
669.37
669.17
668.98
668.98
668.99
669.09
669.30
669.52
669.91
670.31
670.79
671.39
672.00
672.76
673.56
674.40
675.38
676.35
677.44
678.59
679.76
681.07
682.38
683.77
685.23
686.68
688.26
689.84
691.48
693.18
694.88
696.67
698.47
700.28
702.15
704.02
705.93
707.87
709.81
711.78
713.76
715.73
717.71
719.69
721.67
723.65
725.62
727.58
729.54
